328834.9923	232744.1875	335484.0997	234593.3742	6901.4578
325476.1660	229593.7219	328834.9923	232744.1875	4605.1219
318964.1564	226511.7436	325476.1660	229593.7219	7204.5027
351592.7567	233908.4902	356459.6281	232538.7223	5055.9571
343504.1543	234798.8395	351592.7567	233908.4902	8137.4572
335484.0997	234593.3742	343504.1543	234798.8395	8022.6861
166401.8812	122806.5385	173622.5257	121332.6252	7369.5405
160811.7053	122573.8154	166401.8812	122806.5385	5595.0181
155376.8135	124047.7287	160811.7053	122573.8154	5631.2050
313206.1694	224114.6501	318964.1564	226511.7436	6237.0243
307730.8148	224088.3400	313206.1694	224114.6501	5475.4178
173622.5257	121332.6252	181385.4974	121461.2879	7764.0378
356459.6281	232538.7223	360298.2861	233634.5368	3992.0051
388326.6028	242024.6510	389781.6716	243854.9227	2338.1872
387010.6703	235121.9517	388326.6028	242024.6510	7027.0148
385256.0912	232273.2184	387010.6703	235121.9517	3345.7180
396385.0187	249371.4769	404718.3754	252816.7903	9017.4840
392210.3508	244218.2784	396385.0187	249371.4769	6631.9912
389781.6716	243854.9227	392210.3508	244218.2784	2455.7097
369684.2051	231287.1186	373412.6842	228876.6522	4439.8091
363451.4693	234456.3980	369684.2051	231287.1186	6992.2333
360298.2861	233634.5368	363451.4693	234456.3980	3258.5304
379882.6923	231287.1186	385256.0912	232273.2184	5463.1317
375386.5842	228767.0862	379882.6923	231287.1186	5154.1781
373412.6842	228876.6522	375386.5842	228767.0862	1976.9385
117083.0066	140769.4608	118513.1568	137954.9255	3157.0459
113746.1396	141563.6836	117083.0066	140769.4608	3430.0832
109628.8865	142284.9804	113746.1396	141563.6836	4179.9572
123323.6633	136396.1059	126270.6410	135097.0892	3220.5778
119986.6445	136482.7069	123323.6633	136396.1059	3338.1424
118513.1568	137954.9255	119986.6445	136482.7069	2082.9291
96974.2187	142025.1765	98967.7621	142328.2804	2016.4541
94763.9861	142371.5814	96974.2187	142025.1765	2237.2136
92293.7268	141462.2696	94763.9861	142371.5814	2632.3049
105511.7853	143150.9912	109628.8865	142284.9804	4207.1959
100831.2933	144839.7128	105511.7853	143150.9912	4975.8201
98967.7621	142328.2804	100831.2933	144839.7128	3127.3057
126270.6410	135097.0892	127397.4272	135140.3893	1127.6179
143394.9442	133153.7637	145749.2891	129245.2143	4562.8607
143732.4741	152581.8121	140986.7117	160697.9647	8568.0304
144934.9791	146137.5732	143732.4741	152581.8121	6555.4736
150485.4080	124745.8989	155376.8135	124047.7287	4940.9806
146215.1369	126297.3868	150485.4080	124745.8989	4543.3831
145749.2891	129245.2143	146215.1369	126297.3868	2984.4097
130951.1353	138171.4275	134071.4649	135963.1000	3822.7172
128957.5920	137478.6196	130951.1353	138171.4275	2110.4971
127397.4272	135140.3893	128957.5920	137478.6196	2810.9492
144825.6616	139311.0486	144934.9791	146137.5732	6827.3998
143394.9442	133153.7637	144825.6616	139311.0486	6321.3218
134071.4649	135963.1000	143394.9442	133153.7637	9737.5375
458741.7540	164878.7874	463449.1554	160555.8369	6391.2071
454209.5911	172042.8940	458741.7540	164878.7874	8477.3182
450072.2034	174010.0890	454209.5911	172042.8940	4581.2480
424203.2881	253893.9591	424227.5279	257839.8028	3945.9182
431562.8149	165404.5706	431493.7807	168343.3206	2939.5608
429789.9402	163096.7209	431562.8149	165404.5706	2910.1984
435934.5633	170022.5203	437558.0244	170090.1068	1624.8674
433093.5075	170157.6924	435934.5633	170022.5203	2844.2696
431493.7807	168343.3206	433093.5075	170157.6924	2418.8987
445607.6865	173131.4727	450072.2034	174010.0890	4550.1514
440669.6594	172725.9565	445607.6865	173131.4727	4954.6498
437558.0244	170090.1068	440669.6594	172725.9565	4077.9868
424227.5279	257839.8028	423547.0505	261012.6284	3244.9764
431793.2839	288459.0585	435120.0635	291631.8831	4597.2033
430281.1099	283322.1032	431793.2839	288459.0585	5354.9024
429146.9818	281055.7996	430281.1099	283322.1032	2534.2412
434668.2043	300115.7411	436860.8556	304346.1753	4764.9022
435046.2478	296489.6559	434668.2043	300115.7411	3645.7387
435120.0635	291631.8831	435046.2478	296489.6559	4858.3335
424983.6149	267735.9960	426495.7866	271362.0812	3928.7603
424832.3980	263127.8446	424983.6149	267735.9960	4610.6318
423547.0505	261012.6284	424832.3980	263127.8446	2475.1278
425815.3092	279294.1448	429146.9818	281055.7996	3768.7491
425361.6584	276272.4057	425815.3092	279294.1448	3055.6024
426495.7866	271362.0812	425361.6584	276272.4057	5039.5965
431122.3862	234725.0228	431074.6755	229862.6251	4862.6318
428975.3621	237871.2796	431122.3862	234725.0228	3809.0214
427496.2980	243544.0765	428975.3621	237871.2796	5862.4444
431982.0435	220877.8280	432411.4497	214442.3015	6449.8365
430454.4239	225619.9451	431982.0435	220877.8280	4982.0975
431074.6755	229862.6251	430454.4239	225619.9451	4287.7787
416321.2591	254165.6940	420775.2947	255888.3507	4775.5606
411519.1624	254108.7829	416321.2591	254165.6940	4802.4339
404718.3754	252816.7903	411519.1624	254108.7829	6922.4236
423553.5434	248818.6426	427496.2980	243544.0765	6585.3142
424203.2881	253893.9591	423553.5434	248818.6426	5116.7378
420775.2947	255888.3507	424203.2881	253893.9591	3965.9472
432411.4497	214442.3015	431218.6572	211915.7624	2793.9495
420428.8685	185600.1424	420476.5816	179355.2983	6245.0264
420333.4470	191749.6449	420428.8685	185600.1424	6150.2427
423243.8597	194943.5721	420333.4470	191749.6449	4321.0731
427769.0770	173006.5307	431493.7807	168343.3206	5968.1610
422850.0906	176283.0280	427769.0770	173006.5307	5910.3182
420476.5816	179355.2983	422850.0906	176283.0280	3882.3176
425159.2733	210485.6456	423960.9756	206314.7727	4339.5965
427497.1452	210723.9984	425159.2733	210485.6456	2349.9908
431218.6572	211915.7624	427497.1452	210723.9984	3907.6788
423722.4171	198258.4478	423243.8597	194943.5721	3349.2415
422386.4900	202977.8335	423722.4171	198258.4478	4904.8244
423960.9756	206314.7727	422386.4900	202977.8335	3689.7382
169140.4156	226440.3616	170394.8719	230237.8912	3999.3614
163118.4391	225738.4033	169140.4156	226440.3616	6062.7508
161010.7468	221727.2126	163118.4391	225738.4033	4531.2270
181088.7811	231929.6343	184296.9553	231662.5170	3219.2753
175385.3627	232641.9477	181088.7811	231929.6343	5747.7275
170394.8719	230237.8912	175385.3627	232641.9477	5539.3579
143840.8781	207873.9993	149167.5273	210495.8783	5936.9555
304734.3386	269336.4766	311093.9400	269313.7014	6359.6422
299959.6757	270211.0766	304734.3386	269336.4766	4854.1046
158702.3235	218618.5394	161010.7468	221727.2126	3872.0366
155691.3352	215209.0274	158702.3235	218618.5394	4548.7166
149167.5273	210495.8783	155691.3352	215209.0274	8048.2199
184296.9553	231662.5170	186703.0830	228724.2269	3797.7624
175656.9386	238434.0095	176750.8355	242844.8668	4544.4772
175385.3627	232641.9477	175656.9386	238434.0095	5798.4250
219319.5076	226854.4059	226305.1720	226360.0054	7003.1378
178650.7561	252916.9550	182535.3546	258018.0240	6411.7868
176360.1584	246982.4853	178650.7561	252916.9550	6361.1924
176750.8355	242844.8668	176360.1584	246982.4853	4156.0216
198288.1529	226587.2886	204882.7296	225696.8974	6654.4150
190891.5320	226320.1714	198288.1529	226587.2886	7401.4426
186703.0830	228724.2269	190891.5320	226320.1714	4829.3466
213972.5530	225696.8974	219319.5076	226854.4059	5470.8089
209249.4094	224895.5455	213972.5530	225696.8974	4790.6419
204882.7296	225696.8974	209249.4094	224895.5455	4439.6010
333938.4313	310262.6379	336150.0925	312754.8212	3332.0298
334001.5260	307741.0112	333938.4313	310262.6379	2522.4160
334884.8583	305786.7502	334001.5260	307741.0112	2144.6240
226827.7359	275856.2260	232398.1784	275697.2082	5572.7117
221444.7074	277654.4998	226827.7359	275856.2260	5675.4546
336150.0925	312754.8212	338762.7698	315175.8536	3561.9490
328386.0685	291602.6003	332234.8661	295511.1214	5485.4153
325042.0304	287567.9974	328386.0685	291602.6003	5240.2874
324470.0899	284632.5837	325042.0304	287567.9974	2990.6135
334695.5719	303643.3673	334884.8583	305786.7502	2151.7248
333686.0527	300554.3748	334695.5719	303643.3673	3249.7698
332234.8661	295511.1214	333686.0527	300554.3748	5247.8898
232398.1784	275697.2082	239401.0183	273629.9700	7301.5916
281418.0623	269415.9860	288182.1705	270926.6598	6930.7499
274017.3339	268938.9309	281418.0623	269415.9860	7416.0881
269242.6686	269415.9860	274017.3339	268938.9309	4798.4383
295105.4332	269654.5131	299959.6757	270211.0766	4886.0448
291365.2791	270290.5860	295105.4332	269654.5131	3793.8557
288182.1705	270926.6598	291365.2791	270290.5860	3246.0392
251735.5665	269336.4766	256669.3863	269575.0037	4939.5822
246005.9719	270449.6046	251735.5665	269336.4766	5836.7206
239401.0183	273629.9700	246005.9719	270449.6046	7330.7665
265582.0942	268938.9309	269242.6686	269415.9860	3691.5290
261364.4743	268223.3486	265582.0942	268938.9309	4277.8938
256669.3863	269575.0037	261364.4743	268223.3486	4885.7777
298723.6906	165099.3641	295924.0382	166428.0532	3098.9463
302923.1692	165099.3641	298723.6906	165099.3641	4199.4786
306982.6644	166777.7078	302923.1692	165099.3641	4392.7599
112536.4967	146759.0658	112536.4967	150463.4795	3704.4137
113746.1396	141563.6836	112536.4967	146759.0658	5334.3445
295924.0382	166428.0532	291697.4296	164590.5987	4608.7373
329589.8596	172581.9799	324760.4596	172372.1871	4833.9546
336868.9572	172162.3944	329589.8596	172581.9799	7291.1806
345407.8977	171043.4980	336868.9572	172162.3944	8611.9355
312791.9453	168456.0515	306982.6644	166777.7078	6046.8655
319371.1287	169714.8097	312791.9453	168456.0515	6698.5167
324760.4596	172372.1871	319371.1287	169714.8097	6008.8720
112536.4967	150463.4795	111856.7692	153735.7105	3342.0839
77036.9509	141170.2746	80505.8162	140856.0618	3483.0671
104069.4593	178292.3832	98579.1428	189279.3071	12282.3480
104254.8398	176934.0991	104069.4593	178292.3832	1370.8762
89260.0720	139990.0510	92293.7268	141462.2696	3372.0156
84839.6067	139946.7501	89260.0720	139990.0510	4420.6774
80505.8162	140856.0618	84839.6067	139946.7501	4428.1586
112783.4389	160303.8995	112474.4699	164440.4941	4148.1172
113710.5737	156946.2018	112783.4389	160303.8995	3483.3479
111856.7692	153735.7105	113710.5737	156946.2018	3707.2693
104997.4602	171231.9181	104254.8398	176934.0991	5750.3350
108334.3082	168947.5308	104997.4602	171231.9181	4043.8818
112474.4699	164440.4941	108334.3082	168947.5308	6119.9934
217617.5893	277162.1983	221444.7074	277654.4998	3858.6519
214953.8672	276552.2881	217617.5893	277162.1983	2732.6554
210403.3399	274223.5386	214953.8672	276552.2881	5111.7876
316903.2281	152855.7217	330372.0611	154183.7374	13534.1453
307421.8805	150199.6904	316903.2281	152855.7217	9846.3422
302000.4207	147612.3165	307421.8805	150199.6904	6007.2231
189472.1337	263729.0040	191858.3854	265891.4142	3220.2819
185809.5138	262620.0757	189472.1337	263729.0040	3826.8142
182535.3546	258018.0240	185809.5138	262620.0757	5647.9198
206352.2592	273946.3072	210403.3399	274223.5386	4060.5557
198416.5823	270785.8616	206352.2592	273946.3072	8541.8607
191858.3854	265891.4142	198416.5823	270785.8616	8183.2489
330372.0611	154183.7374	335819.0882	155099.2327	5523.4261
362975.7191	171742.8080	363479.6205	175001.9588	3297.8751
361015.9620	169365.1543	362975.7191	171742.8080	3081.2149
356606.5096	166707.7769	361015.9620	169365.1543	5148.2934
353596.8834	170973.5671	345407.8977	171043.4980	8189.2843
357306.4215	172162.3944	353596.8834	170973.5671	3895.3797
363479.6205	175001.9588	357306.4215	172162.3944	6794.9622
344777.9763	159784.6093	346877.7168	162092.3321	3120.0152
341978.3239	158665.7138	344777.9763	159784.6093	3014.9595
335819.0882	155099.2327	341978.3239	158665.7138	7117.3009
353246.9263	165029.4332	356606.5096	166707.7769	3755.4810
350167.3072	163001.4349	353246.9263	165029.4332	3687.3880
346877.7168	162092.3321	350167.3072	163001.4349	3412.8981
499005.3699	180285.8923	502602.3585	179244.1855	3744.7937
495981.8144	179973.3806	499005.3699	180285.8923	3039.6630
495512.6421	178462.9058	495981.8144	179973.3806	1581.6627
506929.1677	180494.2332	505678.0431	184817.3150	4500.4833
505938.6939	178775.4175	506929.1677	180494.2332	1983.7756
502602.3585	179244.1855	505938.6939	178775.4175	3369.1063
490293.0111	170989.5764	491700.5280	173541.7572	2914.5721
486487.5033	168437.3956	490293.0111	170989.5764	4582.0864
483411.8186	167083.1780	486487.5033	168437.3956	3360.6163
495349.6458	176093.9380	495512.6421	178462.9058	2374.5687
492795.2627	175104.3175	495349.6458	176093.9380	2739.3835
491700.5280	173541.7572	492795.2627	175104.3175	1907.8885
505678.0431	184817.3150	505678.0431	191327.9806	6510.6655
498543.9002	210173.8074	497240.6417	211007.1725	1546.9261
499169.7164	208018.2935	498543.9002	210173.8074	2244.5235
498283.5010	206924.5022	499169.7164	208018.2935	1407.7490
501202.5418	216371.9603	503496.2742	219965.8479	4263.4771
497814.0748	212621.8173	501202.5418	216371.9603	5054.2340
497240.6417	211007.1725	497814.0748	212621.8173	1713.4478
507562.6866	196507.4373	504956.1742	199372.1298	3873.0311
506207.3012	194007.3420	507562.6866	196507.4373	2843.8612
505678.0431	191327.9806	506207.3012	194007.3420	2731.1338
498335.6326	205726.5390	498283.5010	206924.5022	1199.0969
500368.7118	203382.7000	498335.6326	205726.5390	3102.7396
504956.1742	199372.1298	500368.7118	203382.7000	6093.3968
159384.6755	281912.2575	154246.1712	279456.8302	5695.0285
167003.2180	282128.5907	159384.6755	281912.2575	7621.6134
172960.9039	278333.8399	167003.2180	282128.5907	7063.5795
139128.5457	273355.4663	126526.9065	272531.0417	12628.5782
145458.5848	275290.0448	139128.5457	273355.4663	6619.0625
154246.1712	279456.8302	145458.5848	275290.0448	9725.4191
198416.5823	270785.8616	194036.2153	271265.1863	4406.5142
428342.2277	252515.0991	424203.2881	253893.9591	4362.5767
435853.5717	251937.8008	428342.2277	252515.0991	7533.4960
182046.3752	275208.7513	172960.9039	278333.8399	9607.9117
189195.5959	274092.6474	182046.3752	275208.7513	7235.8168
194036.2153	271265.1863	189195.5959	274092.6474	5605.9015
126526.9065	272531.0417	121388.4023	272159.0071	5151.9546
475540.1500	157655.7346	478772.2247	157395.3074	3242.5498
472725.1161	157655.7346	475540.1500	157655.7346	2815.0339
470066.4722	154686.8712	472725.1161	157655.7346	3985.2901
482369.2132	164166.3992	483411.8186	167083.1780	3097.5191
480701.0455	159374.5502	482369.2132	164166.3992	5073.9137
478772.2247	157395.3074	480701.0455	159374.5502	2763.6483
111334.8080	270447.6490	108207.0250	271340.5316	3252.7321
114760.4783	271414.9387	111334.8080	270447.6490	3559.6160
121388.4023	272159.0071	114760.4783	271414.9387	6669.5587
467548.8852	151448.4529	470066.4722	154686.8712	4101.9017
102621.6946	271191.7183	99589.0778	271475.3703	3045.8535
108207.0250	271340.5316	102621.6946	271191.7183	5587.3125
345052.6370	97030.7180	350303.2352	97497.0348	5271.2648
339218.6369	92017.8033	345052.6370	97030.7180	7691.8705
334784.7976	89802.7939	339218.6369	92017.8033	4956.3290
359754.3133	102393.3704	364538.1928	106473.6498	6287.6214
355787.1951	101460.7350	359754.3133	102393.3704	4075.2713
350303.2352	97497.0348	355787.1951	101460.7350	6766.4418
322841.0855	94618.9156	325100.3602	87471.2062	7496.2705
316405.6443	94100.3756	322841.0855	94618.9156	6456.2983
307271.4680	97937.5713	316405.6443	94100.3756	9907.4340
328834.1191	87704.3646	334784.7976	89802.7939	6309.8321
324866.9984	83740.6654	328834.1191	87704.3646	5607.9370
325100.3602	87471.2062	324866.9984	83740.6654	3737.8326
364538.1928	106473.6498	370955.5924	107289.7051	6469.0775
386142.1666	136385.8357	384262.0508	140812.8074	4809.6688
390610.5586	129139.0422	386142.1666	136385.8357	8513.6681
391517.1910	124739.2033	390610.5586	129139.0422	4492.2783
382772.5860	151165.3694	383631.8414	153775.4975	2747.9245
383225.8999	147283.1589	382772.5860	151165.3694	3908.5869
384262.0508	140812.8074	383225.8999	147283.1589	6552.7900
384607.1481	105307.8559	387174.1080	108572.0790	4152.6420
378073.0700	104958.1174	384607.1481	105307.8559	6543.4313
370955.5924	107289.7051	378073.0700	104958.1174	7489.6454
391387.6724	118462.9628	391517.1910	124739.2033	6277.5767
389040.9874	113584.9938	391387.6724	118462.9628	5413.0871
387174.1080	108572.0790	389040.9874	113584.9938	5349.2573
214503.9372	67907.2803	215376.7905	70455.0898	2693.1777
214786.8985	55491.3430	214503.9372	67907.2803	12419.1612
214940.7471	51417.8880	214786.8985	55491.3430	4076.3594
216797.2662	79807.5905	219384.5955	81200.7086	2938.5458
214830.4542	75913.7482	216797.2662	79807.5905	4362.3797
215376.7905	70455.0898	214830.4542	75913.7482	5485.9306
502505.7979	223195.1375	502613.5161	226092.0449	2898.9094
503652.6641	221684.6636	502505.7979	223195.1375	1896.5320
503496.2742	219965.8479	503652.6641	221684.6636	1725.9157
213255.8666	49880.2228	214940.7471	51417.8880	2281.0603
506575.4139	232342.2833	511129.2644	237056.6510	6554.6027
502613.5161	226092.0449	506575.4139	232342.2833	7400.1428
219384.5955	81200.7086	222771.8832	81346.2731	3390.4139
225351.8041	110776.3784	222141.2213	113177.0800	4008.8914
226400.6291	109262.7141	225351.8041	110776.3784	1841.5247
229139.2276	104721.7239	226400.6291	109262.7141	5302.8778
302185.3919	98248.6950	307271.4680	97937.5713	5095.5831
295542.3546	101463.6434	302185.3919	98248.6950	7380.0974
293461.6927	96932.3859	295542.3546	101463.6434	4986.1256
231370.9189	87400.9678	232354.3261	90093.9056	2866.8805
227907.4473	84585.0773	231370.9189	87400.9678	4463.7288
222771.8832	81346.2731	227907.4473	84585.0773	6071.5625
232810.1149	101636.1783	229139.2276	104721.7239	4795.4151
231480.1866	96753.4684	232810.1149	101636.1783	5060.5894
232354.3261	90093.9056	231480.1866	96753.4684	6716.6879
417802.3521	258643.5949	420775.2947	255888.3507	4053.3638
414747.0179	259834.8926	417802.3521	258643.5949	3279.3684
410275.7998	260542.2260	414747.0179	259834.8926	4526.8215
342292.3520	322813.9051	346932.9925	324537.7838	4950.4850
340447.9944	318296.1538	342292.3520	322813.9051	4879.7267
338762.7698	315175.8536	340447.9944	318296.1538	3546.3016
398252.7169	276829.3233	399460.1648	273737.9052	3318.8547
395762.3562	277281.7260	398252.7169	276829.3233	2531.1192
390182.1680	277727.5758	395762.3562	277281.7260	5597.9713
403610.7675	265293.0563	410275.7998	260542.2260	8184.9279
400516.6828	269440.0799	403610.7675	265293.0563	5174.0858
399460.1648	273737.9052	400516.6828	269440.0799	4425.7805
346932.9925	324537.7838	350388.3414	327768.1064	4730.1607
396450.4674	341277.5065	400377.1622	338602.5219	4751.2604
388597.0777	341099.1740	396450.4674	341277.5065	7855.4142
383123.5042	338661.9663	388597.0777	341099.1740	5991.6598
406445.6915	336343.6466	409479.9562	336403.0902	3034.8469
403708.9036	338543.0774	406445.6915	336343.6466	3511.0545
400377.1622	338602.5219	403708.9036	338543.0774	3332.2716
359431.6405	329908.0936	364369.7553	333236.9629	5955.3630
355088.4767	329313.6526	359431.6405	329908.0936	4383.6550
350388.3414	327768.1064	355088.4767	329313.6526	4947.7252
377518.2338	337695.2698	383123.5042	338661.9663	5688.0188
370735.7613	335020.2860	377518.2338	337695.2698	7290.9171
364369.7553	333236.9629	370735.7613	335020.2860	6611.0721
455773.8136	341734.4621	453959.2081	343774.1359	2730.0297
456076.2498	338259.4634	455773.8136	341734.4621	3488.1347
455395.7701	334633.3773	456076.2498	338259.4634	3689.3839
449347.0812	346644.7866	449366.1037	349697.8668	3053.1394
450254.3851	345133.9175	449347.0812	346644.7866	1762.3637
453959.2081	343774.1359	450254.3851	345133.9175	3946.4819
440948.8976	313442.0086	444502.5037	318503.4205	6184.3356
437919.3765	308727.6950	440948.8976	313442.0086	5603.8157
436860.8556	304346.1753	437919.3765	308727.6950	4507.5694
454331.6253	328097.4397	455395.7701	334633.3773	6622.0000
449341.4549	322507.2239	454331.6253	328097.4397	7493.4847
444502.5037	318503.4205	449341.4549	322507.2239	6280.5963
338762.7698	315175.8536	342474.1588	310196.5024	6210.3419
372358.4916	282976.9440	375678.9733	282826.1431	3323.9043
364057.2886	283127.7449	372358.4916	282976.9440	8302.5726
355529.6885	284560.3531	364057.2886	283127.7449	8647.0995
387083.8263	277884.9297	390182.1680	277727.5758	3102.3348
382404.9646	279015.9360	387083.8263	277884.9297	4813.6184
375678.9733	282826.1431	382404.9646	279015.9360	7730.2417
346171.9674	304013.6662	349869.7759	296850.6246	8061.2005
342926.9506	306954.2834	346171.9674	304013.6662	4379.1967
342474.1588	310196.5024	342926.9506	306954.2834	3273.6836
352058.2746	288028.7730	355529.6885	284560.3531	4907.2040
351680.9477	292779.0011	352058.2746	288028.7730	4765.1907
349869.7759	296850.6246	351680.9477	292779.0011	4456.2834
505745.4779	263683.5704	503798.1907	260540.6655	3697.2664
505221.2078	266601.9827	505745.4779	263683.5704	2965.1289
505221.2078	272139.4815	505221.2078	266601.9827	5537.4988
503199.0252	254329.6862	501850.9035	252907.8958	1959.3163
503573.5045	257547.4226	503199.0252	254329.6862	3239.4540
503798.1907	260540.6655	503573.5045	257547.4226	3001.6640
504729.6490	286952.3151	507586.0542	285049.7339	3432.0352
501725.3644	287786.1192	504729.6490	286952.3151	3117.8447
497793.2046	287880.6669	501725.3644	287786.1192	3933.2963
506344.6434	276180.3603	505221.2078	272139.4815	4194.1398
507318.2859	279847.0826	506344.6434	276180.3603	3793.7887
507586.0542	285049.7339	507318.2859	279847.0826	5209.5375
501850.9035	252907.8958	505595.6872	249989.4835	4747.6874
465780.5419	243812.1154	458546.2790	246256.8894	7636.1953
475248.9142	241154.7527	465780.5419	243812.1154	9834.2082
487483.3282	241048.4582	475248.9142	241154.7527	12234.8758
441205.3292	255291.9221	435853.5717	251937.8008	6315.9669
449716.2237	251146.4363	441205.3292	255291.9221	9466.8040
458546.2790	246256.8894	449716.2237	251146.4363	10093.4407
509564.3739	244522.0141	511129.2644	237056.6510	7627.6162
508565.9459	247329.9816	509564.3739	244522.0141	2980.1912
505595.6872	249989.4835	508565.9459	247329.9816	3986.9020
495994.2250	242005.1091	487483.3282	241048.4582	8564.4933
504717.8934	241579.9304	495994.2250	242005.1091	8734.0235
511129.2644	237056.6510	504717.8934	241579.9304	7846.3836
444305.2869	350146.0137	449366.1037	349697.8668	5080.6203
439307.6749	349254.3522	444305.2869	350146.0137	5076.5329
434786.0265	346995.4769	439307.6749	349254.3522	5054.4852
457892.5544	316848.5702	458810.5295	314055.3272	2940.2185
456515.5917	324227.7352	457892.5544	316848.5702	7506.5372
454331.6253	328097.4397	456515.5917	324227.7352	4443.4584
419733.6978	342061.6170	423779.3824	342715.5025	4098.1862
414120.5943	340683.0655	419733.6978	342061.6170	5779.9079
409479.9562	336403.0902	414120.5943	340683.0655	6312.9795
431394.7903	346876.5889	434786.0265	346995.4769	3393.3196
427051.6289	345687.7068	431394.7903	346876.5889	4502.9425
423779.3824	342715.5025	427051.6289	345687.7068	4420.5877
458810.5295	314055.3272	461397.5528	312888.0011	2838.1930
481937.2632	293842.3652	487820.6517	292216.4473	6103.9225
475295.3554	294609.2189	481937.2632	293842.3652	6686.0305
471665.1809	297819.3644	475295.3554	294609.2189	4845.9468
495122.7314	289631.6556	497793.2046	287880.6669	3193.3349
491033.5671	291799.5458	495122.7314	289631.6556	4628.2840
487820.6517	292216.4473	491033.5671	291799.5458	3239.8506
462857.9678	309010.8135	466821.9537	306717.8525	4579.3946
462482.4325	311929.1272	462857.9678	309010.8135	2942.3769
461397.5528	312888.0011	462482.4325	311929.1272	1447.8961
468410.5394	301404.7212	471665.1809	297819.3644	4842.2593
468118.4564	304281.3447	468410.5394	301404.7212	2891.4141
466821.9537	306717.8525	468118.4564	304281.3447	2759.9800
74230.1179	91609.7866	74480.7476	87816.2997	3801.7572
74060.8997	96724.1856	74230.1179	91609.7866	5117.1977
72834.0766	99133.4483	74060.8997	96724.1856	2703.6349
76257.5258	80250.3700	75380.4771	77836.0288	2568.7075
75834.4838	84942.0918	76257.5258	80250.3700	4710.7555
74480.7476	87816.2997	75834.4838	84942.0918	3177.0541
69407.2079	114031.8563	70295.5970	112003.0038	2214.8312
67968.8639	117835.9555	69407.2079	114031.8563	4066.9405
68099.6994	122169.1415	67968.8639	117835.9555	4335.1607
71057.3008	102726.2080	72834.0766	99133.4483	4008.0986
70726.5955	109239.4798	71057.3008	102726.2080	6521.6621
70295.5970	112003.0038	70726.5955	109239.4798	2796.9313
75380.4771	77836.0288	75680.9746	74120.5747	3727.5860
87917.3701	30022.1974	88365.5607	27074.1473	2981.9246
87730.6228	35246.5905	87917.3701	30022.1974	5227.7296
86572.7959	36142.2008	87730.6228	35246.5905	1463.7899
92922.1746	31888.0524	95984.8151	33268.7850	3359.4924
90233.0262	28081.7091	92922.1746	31888.0524	4660.4472
88365.5607	27074.1473	90233.0262	28081.7091	2121.9351
79639.4339	57337.0154	81792.7203	49146.4529	8468.8816
75981.4721	69579.4641	79639.4339	57337.0154	12777.2546
75680.9746	74120.5747	75981.4721	69579.4641	4551.0421
83920.9956	39052.9347	86572.7959	36142.2008	3937.5648
82630.9439	45318.8064	83920.9956	39052.9347	6397.2949
81792.7203	49146.4529	82630.9439	45318.8064	3918.3539
72126.0230	140830.5808	77036.9509	141170.2746	4922.6623
67350.1286	141395.3612	72126.0230	140830.5808	4809.1730
64970.2174	140715.9728	67350.1286	141395.3612	2474.9840
75714.7774	149813.6047	76130.9687	153002.9280	3216.3640
76205.8712	145171.1176	75714.7774	149813.6047	4668.3895
77036.9509	141170.2746	76205.8712	145171.1176	4086.2499
54015.0736	139432.6835	56923.8537	138640.0641	3014.8378
50992.9633	138262.6261	54015.0736	139432.6835	3240.7075
48034.8920	138561.5823	50992.9633	138262.6261	2973.1398
62401.4256	138791.0393	64970.2174	140715.9728	3209.9938
59983.7368	138489.0889	62401.4256	138791.0393	2436.4714
56923.8537	138640.0641	59983.7368	138489.0889	3063.6054
76130.9687	153002.9280	77906.4559	155267.5561	2877.6545
77036.9509	141170.2746	76349.0248	135821.6293	5392.7032
76736.1021	175026.0365	75730.1163	176944.6074	2166.3153
77642.7345	169628.6732	76736.1021	175026.0365	5472.9802
69876.4776	126564.9887	68099.6994	122169.1415	4741.3515
73176.2077	130495.8908	69876.4776	126564.9887	5132.2714
76349.0248	135821.6293	73176.2077	130495.8908	6199.2144
79190.8542	159570.3486	77566.4699	161231.0759	2323.0668
79266.4069	157909.6213	79190.8542	159570.3486	1662.4450
77906.4559	155267.5561	79266.4069	157909.6213	2971.5274
78019.7861	164250.5800	77642.7345	169628.6732	5391.2943
77150.9289	162136.9271	78019.7861	164250.5800	2285.2662
77566.4699	161231.0759	77150.9289	162136.9271	996.6147
178364.8120	59366.8735	181161.8470	59950.8253	2857.3422
175108.5639	58282.3931	178364.8120	59366.8735	3432.0910
172436.7691	58324.1044	175108.5639	58282.3931	2672.1205
185545.2585	62286.6300	188801.5089	62578.6051	3269.3143
183833.6418	60951.8841	185545.2585	62286.6300	2170.5249
181161.8470	59950.8253	183833.6418	60951.8841	2853.1748
159247.7390	55341.1326	160866.2715	56778.3237	2164.5244
157870.9685	55446.9470	159247.7390	55341.1326	1380.8308
156335.3401	55129.5046	157870.9685	55446.9470	1568.0957
166032.1075	58184.6550	172436.7691	58324.1044	6406.1795
162172.2400	58271.6448	166032.1075	58184.6550	3860.8477
160866.2715	56778.3237	162172.2400	58271.6448	1983.8250
188801.5089	62578.6051	192308.2371	63079.1344	3542.2694
214769.8749	47334.4538	214622.1676	44825.5795	2513.2186
213255.8666	49880.2228	214769.8749	47334.4538	2961.9522
209969.3610	52610.4678	213255.8666	49880.2228	4272.6288
219033.6797	41880.3364	222087.0301	42835.9834	3199.4077
215613.5507	41991.6147	219033.6797	41880.3364	3421.9389
214622.1676	44825.5795	215613.5507	41991.6147	3002.3652
196591.9653	60058.1546	199182.1113	59157.0068	2742.4303
194302.4639	60959.3025	196591.9653	60058.1546	2460.4642
192308.2371	63079.1344	194302.4639	60959.3025	2910.4343
207827.5930	54824.1804	209969.3610	52610.4678	3080.2100
202396.6664	56777.0516	207827.5930	54824.1804	5771.3663
199182.1113	59157.0068	202396.6664	56777.0516	3999.6939
110924.5800	42098.4957	113614.7298	43371.6781	2976.2223
108608.8740	42710.0092	110924.5800	42098.4957	2395.0873
106181.1714	43381.7174	108608.8740	42710.0092	2518.9148
119655.7659	43418.8338	122109.9366	44692.0163	2764.7689
117390.3762	43984.6920	119655.7659	43418.8338	2334.9917
113614.7298	43371.6781	117390.3762	43984.6920	3825.0872
97814.9303	37560.2505	101437.8102	39127.5681	3947.3717
96433.0057	35545.1278	97814.9303	37560.2505	2443.4474
95984.8151	33268.7850	96433.0057	35545.1278	2320.0456
104201.6594	42710.0092	106181.1714	43381.7174	2090.3731
103230.5774	40806.8381	104201.6594	42710.0092	2136.6003
101437.8102	39127.5681	103230.5774	40806.8381	2456.4124
122109.9366	44692.0163	125508.0188	45163.5658	3430.6445
148657.1983	51902.1734	150510.5424	53119.0361	2217.1240
147492.2383	49045.1923	148657.1983	51902.1734	3085.3644
145691.8468	47934.1440	147492.2383	49045.1923	2115.6175
154799.7118	53701.0131	156335.3401	55129.5046	2097.3179
152840.4601	53383.5708	154799.7118	53701.0131	1984.8015
150510.5424	53119.0361	152840.4601	53383.5708	2344.8870
133936.3461	44971.3484	136213.3112	46558.5602	2775.5740
130441.4660	44653.9061	133936.3461	44971.3484	3509.2672
125508.0188	45163.5658	130441.4660	44653.9061	4959.7031
142938.3058	47669.6084	145691.8468	47934.1440	2766.2189
138543.2312	47616.7017	142938.3058	47669.6084	4395.3930
136213.3112	46558.5602	138543.2312	47616.7017	2558.9433
139478.5479	238522.8718	141176.2139	236515.6639	2628.8692
136767.5399	239683.7313	139478.5479	238522.8718	2949.0947
130872.1679	241145.5548	136767.5399	239683.7313	6073.9064
136279.8632	233254.2442	133570.3415	232320.7323	2865.8249
140016.5527	234541.6465	136279.8632	233254.2442	3952.2466
141176.2139	236515.6639	140016.5527	234541.6465	2289.4451
117233.5827	254908.6455	119116.8476	252516.5054	3044.5067
113565.7329	258019.8418	117233.5827	254908.6455	4809.6429
104822.9005	265435.8129	113565.7329	258019.8418	11464.4557
125234.9907	244800.1134	130872.1679	241145.5548	6718.1519
120827.3135	249129.2087	125234.9907	244800.1134	6178.0810
119116.8476	252516.5054	120827.3135	249129.2087	3794.6637
133570.3415	232320.7323	133488.0867	227503.8463	4817.5883
129362.4808	192146.1430	121459.6006	191588.2690	7922.5462
134430.6338	192532.3637	129362.4808	192146.1430	5082.8478
136964.7092	196051.2638	134430.6338	192532.3637	4336.3805
98579.1428	189279.3071	100319.3484	199949.6279	10811.2932
115441.6533	191830.2813	98579.1428	189279.3071	17054.3757
121459.6006	191588.2690	115441.6533	191830.2813	6022.8116
137570.1132	216199.2018	143840.8781	207873.9993	10422.6431
133876.3766	221777.9456	137570.1132	216199.2018	6690.7452
133488.0867	227503.8463	133876.3766	221777.9456	5739.0511
139498.7846	200514.2586	136964.7092	196051.2638	5132.2374
140916.1493	206093.0033	139498.7846	200514.2586	5755.9808
143840.8781	207873.9993	140916.1493	206093.0033	3424.3226
55939.4024	321880.6473	53673.3649	318223.2771	4302.4741
54730.7681	325007.6597	55939.4024	321880.6473	3352.4622
54213.4057	326644.5613	54730.7681	325007.6597	1716.7152
55067.8495	314914.2281	59774.2400	312388.9009	5341.1037
53069.8285	317249.1732	55067.8495	314914.2281	3073.1184
53673.3649	318223.2771	53069.8285	317249.1732	1145.9208
62890.8084	344237.7725	62890.8084	340130.3859	4107.3866
61725.0226	348230.8588	62890.8084	344237.7725	4159.7830
64520.2629	348230.8588	61725.0226	348230.8588	2795.2403
55405.2347	329340.8319	54213.4057	326644.5613	2947.9368
59638.8792	333509.5228	55405.2347	329340.8319	5941.5258
62890.8084	340130.3859	59638.8792	333509.5228	7376.3725
59774.2400	312388.9009	61168.7246	308470.2903	4159.3384
87560.2395	284071.9820	89711.8339	279299.5582	5235.0155
84677.1016	286092.7380	87560.2395	284071.9820	3520.7867
79599.3380	286866.6450	84677.1016	286092.7380	5136.4010
99589.0778	271475.3703	104822.9005	265435.8129	7991.8180
95012.0731	275101.0118	99589.0778	271475.3703	5839.0280
89711.8339	279299.5582	95012.0731	275101.0118	6761.6808
64834.0830	299008.4262	69008.1780	296514.7281	4862.2628
63069.7747	302319.0266	64834.0830	299008.4262	3751.3808
61168.7246	308470.2903	63069.7747	302319.0266	6438.3256
75247.8025	289033.6308	79599.3380	286866.6450	4861.2436
71245.8349	293075.1429	75247.8025	289033.6308	5687.6677
69008.1780	296514.7281	71245.8349	293075.1429	4103.3955
51422.1749	153987.0821	51253.8276	152977.8749	1023.1520
50614.1130	155399.9713	51422.1749	153987.0821	1627.6424
51725.1973	155500.8924	50614.1130	155399.9713	1115.6583
50109.0733	151497.7050	48728.6342	151161.3020	1420.8375
49637.7037	152876.9538	50109.0733	151497.7050	1457.5721
51253.8276	152977.8749	49637.7037	152876.9538	1619.2720
56275.1408	160795.6188	53547.9325	159214.5277	3152.3823
58766.6666	163318.6363	56275.1408	160795.6188	3545.8875
59002.3514	166918.1409	58766.6666	163318.6363	3607.2123
53139.3063	155870.9349	51725.1973	155500.8924	1461.7236
52869.9515	157855.7080	53139.3063	155870.9349	2002.9668
53547.9325	159214.5277	52869.9515	157855.7080	1518.5682
48728.6342	151161.3020	47247.1877	150185.7352	1773.8135
38956.3901	142902.0653	41318.0485	142149.9352	2478.5338
36797.6358	144618.8388	38956.3901	142902.0653	2758.1754
39632.7409	147011.2396	36797.6358	144618.8388	3709.6364
45968.4394	139726.6461	48034.8920	138561.5823	2372.2563
43133.5747	142046.7015	45968.4394	139726.6461	3663.2111
41318.0485	142149.9352	43133.5747	142046.7015	1818.4589
45159.6941	149344.7300	44615.7901	146977.5992	2428.8145
46843.1555	149378.3704	45159.6941	149344.7300	1683.7975
47247.1877	150185.7352	46843.1555	149378.3704	902.8178
40811.1651	147919.5256	39632.7409	147011.2396	1487.8397
42258.9441	148121.3670	40811.1651	147919.5256	1461.7811
44615.7901	146977.5992	42258.9441	148121.3670	2619.7191
102655.2957	229655.4542	105748.8773	231878.7444	3809.6280
101460.4933	226756.4990	102655.2957	229655.4542	3135.5214
100320.7531	220900.0274	101460.4933	226756.4990	5966.3445
119859.9545	232637.9159	125516.7988	232923.0585	5664.0263
112207.4098	232909.0495	119859.9545	232637.9159	7657.3464
105748.8773	231878.7444	112207.4098	232909.0495	6540.1965
106182.2772	212278.0005	106073.7309	215748.5020	3472.1986
102327.4617	207866.7096	106182.2772	212278.0005	5858.2497
100319.3484	199949.6279	102327.4617	207866.7096	8167.7844
101569.0397	219002.0972	100320.7531	220900.0274	2271.6422
104554.0749	218188.6984	101569.0397	219002.0972	3093.8734
106073.7309	215748.5020	104554.0749	218188.6984	2874.7022
125516.7988	232923.0585	128247.0302	233619.1370	2817.5679
68681.4447	176724.0888	63923.3287	176856.7772	4759.9657
75730.1163	176944.6074	68681.4447	176724.0888	7052.1202
78178.4921	177807.9964	75730.1163	176944.6074	2596.1481
60354.3862	171507.9796	59002.3514	166918.1409	4784.8320
61566.4803	174804.7224	60354.3862	171507.9796	3512.5042
63923.3287	176856.7772	61566.4803	174804.7224	3125.0061
98579.1428	189279.3071	93754.9509	184621.6025	6705.7468
131127.8948	232509.1739	133570.3415	232320.7323	2449.7053
128247.0302	233619.1370	131127.8948	232509.1739	3087.2964
81485.2011	180397.8584	78178.4921	177807.9964	4200.2036
87000.0404	181859.7175	81485.2011	180397.8584	5705.3031
93754.9509	184621.6025	87000.0404	181859.7175	7297.7274
294694.5123	162957.2351	291697.4296	164590.5987	3413.2655
298236.5217	161051.6437	294694.5123	162957.2351	4022.0777
299780.4744	157694.1733	298236.5217	161051.6437	3695.4563
282161.2547	168129.5536	278187.5078	170093.4865	4432.5723
286429.8291	166586.9323	282161.2547	168129.5536	4538.7673
291697.4296	164590.5987	286429.8291	166586.9323	5633.2018
274037.1434	111035.3920	267432.7971	114528.7965	7471.3629
283619.9208	103919.1958	274037.1434	111035.3920	11936.0744
293461.6927	96932.3859	283619.9208	103919.1958	12069.6308
301324.4248	154790.4161	299780.4744	157694.1733	3288.7062
302000.4207	147612.3165	301324.4248	154790.4161	7209.8602
267432.7971	114528.7965	263026.1733	116730.8783	4926.2052
278187.5078	170093.4865	276439.2512	176893.1873	7020.8498
274569.3676	187819.7448	276099.2724	188216.0450	1580.3995
274626.0315	186630.8454	274569.3676	187819.7448	1190.2490
275985.9469	185951.4734	274626.0315	186630.8454	1520.1698
276493.8958	193680.7912	275530.6232	199398.8346	5798.6132
275248.4378	191685.0790	276493.8958	193680.7912	2352.4524
276099.2724	188216.0450	275248.4378	191685.0790	3571.8506
275589.3041	182781.0734	274172.7272	183630.2873	1651.6217
275702.6320	180856.1874	275589.3041	182781.0734	1928.2192
276439.2512	176893.1873	275702.6320	180856.1874	4030.8781
275815.9575	184875.8022	275985.9469	185951.4734	1089.0202
274286.0527	184479.5021	275815.9575	184875.8022	1580.3995
274172.7272	183630.2873	274286.0527	184479.5021	856.7429
423267.7815	165266.3240	409201.1143	167860.6185	14303.8978
429789.9402	163096.7209	423267.7815	165266.3240	6873.5531
432047.6226	160555.8369	429789.9402	163096.7209	3399.0029
373751.6854	163577.4063	360726.0835	156328.8925	14906.6179
388426.1011	165389.5349	373751.6854	163577.4063	14785.8814
409201.1143	167860.6185	388426.1011	165389.5349	20921.4585
457168.8488	161941.2027	451051.6667	162348.6637	6130.7374
463449.1554	160555.8369	457168.8488	161941.2027	6431.2898
465325.0924	155747.8016	463449.1554	160555.8369	5161.0410
437022.9312	160066.8836	432047.6226	160555.8369	4999.2771
445016.0480	159985.3922	437022.9312	160066.8836	7993.5322
451051.6667	162348.6637	445016.0480	159985.3922	6481.8011
360726.0835	156328.8925	349679.0516	148586.1626	13490.2476
373751.6854	163577.4063	376917.8320	158751.3173	5771.9684
366485.4943	171369.0513	363479.6205	175001.9588	4715.2193
369505.3835	166065.9456	366485.4943	171369.0513	6102.6766
293738.7459	90658.3639	293461.6927	96932.3859	6280.1361
379937.7189	156556.9286	383631.8414	153775.4975	4624.1648
376917.8320	158751.3173	379937.7189	156556.9286	3732.9692
323133.2017	138042.8707	307139.7378	130300.1399	17769.0959
336983.2106	145620.8619	323133.2017	138042.8707	15787.6121
349679.0516	148586.1626	336983.2106	145620.8619	13037.5376
373751.6854	163577.4063	369505.3835	166065.9456	4921.7789
291311.1566	123545.8432	283549.6313	121972.2626	7919.4337
307139.7378	130300.1399	291311.1566	123545.8432	17209.4307
305541.6602	226963.5084	305470.5995	232430.4457	5467.3991
307730.8148	224088.3400	305541.6602	226963.5084	3613.7226
220817.7239	270215.6121	221444.7074	277654.4998	7465.2634
307673.4736	240737.3510	310658.0129	247340.2755	7246.1084
304973.1771	236903.3949	307673.4736	240737.3510	4689.4371
305470.5995	232430.4457	304973.1771	236903.3949	4500.5226
225144.1985	244909.5325	224152.7138	252294.2249	7450.9546
227397.5716	239956.3852	225144.1985	244909.5325	5441.6319
226344.0204	234023.7333	227397.5716	239956.3852	6025.4734
221899.3407	264001.6634	220817.7239	270215.6121	6307.3809
224152.7138	257427.4860	221899.3407	264001.6634	6949.6402
224152.7138	252294.2249	224152.7138	257427.4860	5133.2611
310658.0129	247340.2755	310729.7997	251553.4245	4213.7605
317845.1108	271646.2062	320116.5326	273978.7110	3255.7543
315447.4973	271267.9624	317845.1108	271646.2062	2427.2657
312103.4592	271204.9215	315447.4973	271267.9624	3344.6322
321126.0518	279085.0045	324470.0899	284632.5837	6477.5169
320810.5786	276185.1340	321126.0518	279085.0045	2916.9801
320116.5326	273978.7110	320810.5786	276185.1340	2313.0071
308029.5032	258298.3472	309663.8918	261422.3115	3525.6743
308455.8649	255600.3783	308029.5032	258298.3472	2731.4502
310729.7997	251553.4245	308455.8649	255600.3783	4642.0485
311093.9400	269313.7014	312103.4592	271204.9215	2143.7916
310800.8604	264475.2772	311093.9400	269313.7014	4847.2925
309663.8918	261422.3115	310800.8604	264475.2772	3257.8056
294779.8819	217837.0471	299206.7044	218078.3019	4433.3916
292687.2034	215585.3347	294779.8819	217837.0471	3074.0059
289065.2584	215987.4261	292687.2034	215585.3347	3644.1958
307577.4233	221053.7787	307730.8148	224088.3400	3038.4356
303150.6008	219284.5768	307577.4233	221053.7787	4767.2668
299206.7044	218078.3019	303150.6008	219284.5768	4124.2476
277291.6724	207164.2466	281257.9539	209312.7071	4510.7951
276040.5915	203984.5913	277291.6724	207164.2466	3416.9301
275530.6232	199398.8346	276040.5915	203984.5913	4614.0256
286650.6284	215826.5895	289065.2584	215987.4261	2419.9807
285040.8735	212931.5310	286650.6284	215826.5895	3312.5028
281257.9539	209312.7071	285040.8735	212931.5310	5235.1090
307730.8148	224088.3400	303426.3935	223202.0238	4394.7240
249333.1715	221938.8314	241115.3353	225638.1812	9012.1041
257370.3945	221217.0071	249333.1715	221938.8314	8069.5715
267484.6535	221397.4632	257370.3945	221217.0071	10115.8687
226305.1720	226360.0054	226344.0204	234023.7333	7663.8263
237051.5711	226901.3736	226305.1720	226360.0054	10760.0267
241115.3353	225638.1812	237051.5711	226901.3736	4255.5651
292047.8518	225728.4087	286629.4995	224735.9008	5508.5037
298369.2628	225006.5845	292047.8518	225728.4087	6362.4891
303426.3935	223202.0238	298369.2628	225006.5845	5369.4515
273444.8405	223202.0238	267484.6535	221397.4632	6227.3805
281030.5341	223653.1644	273444.8405	223202.0238	7599.0970
286629.4995	224735.9008	281030.5341	223653.1644	5702.6951
293850.5830	88122.4288	293738.7459	90658.3639	2538.4000
293586.9589	85883.5637	293850.5830	88122.4288	2254.3324
292005.2192	84566.5839	293586.9589	85883.5637	2058.2363
282149.4658	98384.8846	277269.0780	101783.4338	5947.1272
288508.7564	94025.8754	282149.4658	98384.8846	7709.8338
293738.7459	90658.3639	288508.7564	94025.8754	6220.3636
276978.6988	74689.2363	280801.2349	77915.8366	5002.2726
274995.9453	72287.6429	276978.6988	74689.2363	3114.3157
274534.6061	69587.8343	274995.9453	72287.6429	2738.9415
289764.4228	83512.9998	292005.2192	84566.5839	2476.1276
287391.8156	81339.9836	289764.4228	83512.9998	3217.3381
280801.2349	77915.8366	287391.8156	81339.9836	7427.0140
277269.0780	101783.4338	272018.9663	103704.3528	5590.4922
249835.3944	108358.8869	247543.0905	109393.2284	2514.8597
251831.9158	108802.1767	249835.3944	108358.8869	2045.1415
253902.3834	108580.5323	251831.9158	108802.1767	2082.2974
240000.6773	109910.3986	233789.2768	109910.3986	6211.4005
245990.2416	109762.6357	240000.6773	109910.3986	5991.3867
247543.0905	109393.2284	245990.2416	109762.6357	1596.1835
267508.3071	102670.0114	264994.1694	102965.5372	2531.4470
269800.6086	103778.2343	267508.3071	102670.0114	2546.1351
272018.9663	103704.3528	269800.6086	103778.2343	2219.5876
256120.7387	107398.4279	253902.3834	108580.5323	2513.6569
261001.1266	104590.9304	256120.7387	107398.4279	5630.2955
264994.1694	102965.5372	261001.1266	104590.9304	4311.1824
253165.8496	42960.9675	257250.5861	45172.1733	4644.8361
247494.6157	39663.3404	253165.8496	42960.9675	6560.2774
243496.8601	39524.0042	247494.6157	39663.3404	4000.1830
260445.0256	45832.5216	261142.6618	46382.8130	888.5477
259013.0363	45282.2312	260445.0256	45832.5216	1534.0838
257250.5861	45172.1733	259013.0363	45282.2312	1765.8832
228782.3295	43313.8060	231688.5302	42027.3593	3178.1988
224956.4451	43718.1186	228782.3295	43313.8060	3847.1886
222087.0301	42835.9834	224956.4451	43718.1186	3001.9502
236105.6615	39895.5679	243496.8601	39524.0042	7400.5322
232497.8498	40373.3549	236105.6615	39895.5679	3639.3111
231688.5302	42027.3593	232497.8498	40373.3549	1841.3931
261142.6618	46382.8130	263639.4674	46272.7542	2499.2301
271634.7507	61554.2582	273941.4537	63463.8786	2994.5832
271371.1266	59249.5432	271634.7507	61554.2582	2319.7432
271107.5049	55166.9058	271371.1266	59249.5432	4091.1398
275325.4760	67414.8172	274534.6061	69587.8343	2312.4615
275523.1935	65307.6500	275325.4760	67414.8172	2116.4229
273941.4537	63463.8786	275523.1935	65307.6500	2429.2784
269954.9128	46566.2432	271827.5158	46676.3011	1875.8344
266540.1652	46639.6154	269954.9128	46566.2432	3415.5357
263639.4674	46272.7542	266540.1652	46639.6154	2923.8049
272623.3381	52401.2482	271107.5049	55166.9058	3153.8250
273658.4987	47695.5130	272623.3381	52401.2482	4818.2467
271827.5158	46676.3011	273658.4987	47695.5130	2095.5408
206643.5757	121500.4895	213968.3671	121427.3043	7325.1570
198366.5603	122891.0004	206643.5757	121500.4895	8393.0033
190675.5262	124501.0659	198366.5603	122891.0004	7857.7552
300433.2285	144453.9949	297499.2689	141235.1671	4355.3382
302000.4207	147612.3165	300433.2285	144453.9949	3525.7747
213968.3671	121427.3043	220361.5815	121756.2123	6401.6694
222141.2213	113177.0800	221139.9458	115534.6664	2561.3993
107094.8633	180784.8703	98579.1428	189279.3071	12028.0070
113962.7150	176406.3037	107094.8633	180784.8703	8144.8899
181708.5059	129534.6953	190675.5262	124501.0659	10283.2328
220911.0144	118965.6660	220361.5815	121756.2123	2844.1212
221139.9458	115534.6664	220911.0144	118965.6660	3438.6288
297499.2689	141235.1671	294565.3069	136866.7575	5262.2368
252810.4608	119581.4559	242226.6142	119673.4101	10584.2460
263026.1733	116730.8783	252810.4608	119581.4559	10605.9689
270664.9501	118110.1900	263026.1733	116730.8783	7762.3071
467548.8852	151448.4529	465325.0924	155747.8016	4840.4187
229433.9659	119673.4101	220361.5815	121756.2123	9308.3954
242226.6142	119673.4101	229433.9659	119673.4101	12792.6483
290308.1844	130199.1840	287259.1671	125830.7744	5327.2422
293184.6187	133705.4084	290308.1844	130199.1840	4535.1388
294565.3069	136866.7575	293184.6187	133705.4084	3449.6997
276278.9886	121144.6760	270664.9501	118110.1900	6381.6560
283549.6313	121972.2626	276278.9886	121144.6760	7317.5915
287259.1671	125830.7744	283549.6313	121972.2626	5352.4544
200760.2584	114598.0630	195367.5626	115231.9512	5429.8234
206333.4511	114397.0584	200760.2584	114598.0630	5576.8163
212245.2297	114166.5538	206333.4511	114397.0584	5916.2707
185674.3262	119995.6389	183462.3162	120527.7006	2275.0995
189571.1336	118142.0737	185674.3262	119995.6389	4315.1839
195367.5626	115231.9512	189571.1336	118142.0737	6485.9388
227873.6564	112200.7259	224546.1222	112422.3703	3334.9077
231275.1391	111388.0288	227873.6564	112200.7259	3497.2219
233789.2768	109910.3986	231275.1391	111388.0288	2916.2098
218012.8225	114512.3107	212245.2297	114166.5538	5777.9472
222141.2213	113177.0800	218012.8225	114512.3107	4338.9535
224546.1222	112422.3703	222141.2213	113177.0800	2520.5427
183462.3162	120527.7006	181385.4974	121461.2879	2277.0072
140986.7117	160697.9647	137389.2651	165599.3450	6079.8973
145565.2778	152267.5902	140986.7117	160697.9647	9593.4604
150882.3877	146358.4364	145565.2778	152267.5902	7949.1985
122073.3218	172223.7927	113962.7150	176406.3037	9125.5324
131034.2340	168890.8533	122073.3218	172223.7927	9560.6712
137389.2651	165599.3450	131034.2340	168890.8533	7156.8462
174167.6779	134921.8814	167169.0096	136947.7853	7285.9895
181708.5059	129534.6953	174167.6779	134921.8814	9267.4626
181385.4974	121461.2879	181708.5059	129534.6953	8079.8664
153302.4874	140084.6690	150882.3877	146358.4364	6724.3617
158862.1780	137993.4135	153302.4874	140084.6690	5939.9923
167169.0096	136947.7853	158862.1780	137993.4135	8372.3826
